19 22
21 22
21 22
21 22
20 23
22 23
22 23
22 23
22 23
23 24
23 24
22 24
23 24
24 25
24 25
24 25
24 25
24 25
24 25
25 26
24 26
25 26
26 27
26 27
26 27
21 27
27 28
17 28
27 28
28 29
24 29
28 29
29 30
29 30
29 30
29 30
29 30
29 30
29 30
29 30
30 31
30 31
30 31
30 31
30 31
30 31
22 31
30 31
30 31
22 31
30 31
17 31
31 32
31 32
31 32
29 32
31 32
29 32
31 32
32 33
32 33
32 33
21 33
31 33
32 33
17 33
31 33
16 33
32 33
33 34
33 34
33 34
33 34
31 34
22 34
34 35
34 35
34 35
34 35
34 35
34 35
34 35
22 35
34 35
24 35
32 35
24 35
34 35
20 35
17 35
35 36
35 36
35 36
20 36
28 37
30 37
33 37
36 37
36 37
36 37
18 37
36 37
23 37
37 38
37 38
20 38
37 38
37 38
31 38
24 38
38 39
31 39
34 39
34 39
32 40
39 40
37 40
17 40
20 41
33 41
21 41
39 41
31 42
15 42
18 42
17 42
39 42
28 42
14 42
37 42
42 43
25 43
41 43
42 43
38 43
24 44
17 44
16 44
24 44
21 44
14 44
14 44
24 45
16 45
45 46
24 46
21 46
46 47
38 47
47 48
22 48
23 48
47 48
14 48
29 48
27 49
27 49
15 50
16 50
50 51
35 51
51 52
44 52
51 52
46 52
15 53
19 53
15 54
23 54
18 54
54 55
26 55
55 56
20 56
49 56
14 57
54 57
57 58
46 58
58 59
18 61
20 65
33 67
17 67
67 68
15 69
17 69
61 70
14 71
14 71
18 71
76 78
20 78
80 81
81 98
54 100
14 100
13 100
17 101
17 101
81 101
95 102
97 102
47 102
14 104
51 105
27 105
26 105
24 106
21 106
14 106
13 106
26 108
20 110
29 110
14 112
14 115
115 116
16 116
26 117
20 118
23 120
122 123
27 145
11 186
10 194
7 197
13 201
15 210
1 -1
