16 17
20 21
18 21
22 23
22 23
21 23
22 23
22 23
23 24
23 24
20 24
23 24
23 24
23 24
22 24
23 24
23 24
24 25
24 25
25 26
25 26
18 26
22 26
25 26
23 26
25 26
25 26
24 26
25 26
16 26
26 27
24 27
20 27
26 27
23 27
26 27
26 27
27 28
25 28
27 28
26 28
27 28
28 29
28 29
28 29
29 30
29 30
29 30
20 30
30 31
30 31
30 31
29 31
23 31
31 32
19 32
31 32
31 32
31 32
32 33
27 33
32 33
32 33
26 33
32 33
21 33
32 33
33 34
33 34
33 34
33 34
33 34
33 34
23 34
34 35
34 35
34 35
34 35
34 35
25 35
33 35
34 35
34 35
20 35
22 35
35 36
35 36
35 36
29 36
35 36
35 36
34 36
35 36
30 36
26 36
36 37
36 37
36 37
17 37
21 38
24 38
37 38
37 38
37 38
22 38
37 38
28 39
38 39
38 39
32 40
39 40
36 40
39 40
30 40
15 40
20 40
36 40
33 41
40 41
16 41
27 41
31 41
23 42
15 42
41 42
26 42
15 42
41 42
37 42
42 43
29 43
36 43
42 43
15 43
21 44
40 44
27 44
15 44
23 44
44 45
44 45
25 45
17 46
45 46
45 46
32 46
46 47
15 47
22 47
33 47
46 47
17 48
14 48
34 48
21 48
47 48
21 49
22 49
18 49
33 50
23 50
35 50
29 51
43 52
51 52
51 52
49 53
13 53
20 53
53 54
53 54
18 54
49 55
53 56
52 57
31 59
58 59
32 59
17 59
19 59
59 60
59 60
17 63
14 63
61 65
63 65
18 66
66 67
23 68
18 69
24 76
14 77
77 90
14 94
56 99
13 99
14 100
51 101
56 103
14 103
46 104
101 105
18 106
26 106
27 107
27 108
106 109
24 109
27 110
14 110
14 111
13 111
26 111
13 111
13 111
27 111
16 114
16 115
25 118
23 119
12 121
18 123
14 125
17 126
15 145
12 181
11 188
8 196
59 200
17 209
1 -1
